[headshot.jpg]
filters=finetune2=1,0.076023,0.030877,0.014035,00000000,-0.134503;
moddate=000002f5ecd30000
width=273
height=363
textactive=0
